L(2, 2) : [(2, 2), (3, 2), (1, 2), (2, 3), (2, 1)]
L(2, 3) : [(2, 3), (3, 3), (1, 3), (2, 4), (2, 2)]
L(2, 4) : [(2, 4), (3, 4), (1, 4), (2, 5), (2, 3)]

F(2, 2) : [(4, 2), (3, 3), (3, 2), (3, 1), (2, 3), (2, 2), (2, 1), (1, 2)]
F(2, 3) : [(4, 3), (3, 4), (3, 3), (3, 2), (2, 4), (2, 3), (2, 2), (1, 3)]
F(2, 4) : [(4, 4), (3, 5), (3, 4), (3, 3), (2, 5), (2, 4), (2, 3), (1, 4)]

G(2, 2) : [(3, 3), (3, 2), (2, 4), (2, 3), (2, 2), (2, 1), (1, 3), (1, 2)]
G(2, 3) : [(3, 4), (3, 3), (2, 5), (2, 4), (2, 3), (2, 2), (1, 4), (1, 3)]
G(2, 4) : [(3, 5), (3, 4), (2, 6), (2, 5), (2, 4), (2, 3), (1, 5), (1, 4)]

L(3, 2) : [(3, 2), (4, 2), (2, 2), (3, 3), (3, 1)]
L(3, 3) : [(3, 3), (4, 3), (2, 3), (3, 4), (3, 2)]
L(3, 4) : [(3, 4), (4, 4), (2, 4), (3, 5), (3, 3)]

F(3, 2) : [(5, 2), (4, 3), (4, 2), (4, 1), (3, 3), (3, 2), (3, 1), (2, 2)]
F(3, 3) : [(5, 3), (4, 4), (4, 3), (4, 2), (3, 4), (3, 3), (3, 2), (2, 3)]
F(3, 4) : [(5, 4), (4, 5), (4, 4), (4, 3), (3, 5), (3, 4), (3, 3), (2, 4)]

G(3, 2) : [(4, 3), (4, 2), (3, 4), (3, 3), (3, 2), (3, 1), (2, 3), (2, 2)]
G(3, 3) : [(4, 4), (4, 3), (3, 5), (3, 4), (3, 3), (3, 2), (2, 4), (2, 3)]
G(3, 4) : [(4, 5), (4, 4), (3, 6), (3, 5), (3, 4), (3, 3), (2, 5), (2, 4)]

L(4, 2) : [(4, 2), (5, 2), (3, 2), (4, 3), (4, 1)]
L(4, 3) : [(4, 3), (5, 3), (3, 3), (4, 4), (4, 2)]
L(4, 4) : [(4, 4), (5, 4), (3, 4), (4, 5), (4, 3)]

F(4, 2) : [(6, 2), (5, 3), (5, 2), (5, 1), (4, 3), (4, 2), (4, 1), (3, 2)]
F(4, 3) : [(6, 3), (5, 4), (5, 3), (5, 2), (4, 4), (4, 3), (4, 2), (3, 3)]
F(4, 4) : [(6, 4), (5, 5), (5, 4), (5, 3), (4, 5), (4, 4), (4, 3), (3, 4)]

G(4, 2) : [(5, 3), (5, 2), (4, 4), (4, 3), (4, 2), (4, 1), (3, 3), (3, 2)]
G(4, 3) : [(5, 4), (5, 3), (4, 5), (4, 4), (4, 3), (4, 2), (3, 4), (3, 3)]
G(4, 4) : [(5, 5), (5, 4), (4, 6), (4, 5), (4, 4), (4, 3), (3, 5), (3, 4)]

