Joined matrices L(2, 2), L(2, 3), L(2, 4):
(2,) (2,) (2,)
(2,) (3,) (4,)
(3,) (3,) (3,)
(2,) (3,) (4,)
(1,) (1,) (1,)
(2,) (3,) (4,)
(2,) (2,) (2,)
(3,) (4,) (5,)
(2,) (2,) (2,)
(1,) (2,) (3,)

Joined matrices F(2, 2), F(2, 3), F(2, 4):
(4,) (4,) (4,)
(2,) (3,) (4,)
(3,) (3,) (3,)
(3,) (4,) (5,)
(3,) (3,) (3,)
(2,) (3,) (4,)
(3,) (3,) (3,)
(1,) (2,) (3,)
(2,) (2,) (2,)
(3,) (4,) (5,)
(2,) (2,) (2,)
(2,) (3,) (4,)
(2,) (2,) (2,)
(1,) (2,) (3,)
(1,) (1,) (1,)
(2,) (3,) (4,)

Joined matrices G(2, 2), G(2, 3), G(2, 4):
(3,) (3,) (3,)
(3,) (4,) (5,)
(3,) (3,) (3,)
(2,) (3,) (4,)
(2,) (2,) (2,)
(4,) (5,) (6,)
(2,) (2,) (2,)
(3,) (4,) (5,)
(2,) (2,) (2,)
(2,) (3,) (4,)
(2,) (2,) (2,)
(1,) (2,) (3,)
(1,) (1,) (1,)
(3,) (4,) (5,)
(1,) (1,) (1,)
(2,) (3,) (4,)

Joined matrices L(3, 2), L(3, 3), L(3, 4):
(3,) (3,) (3,)
(2,) (3,) (4,)
(4,) (4,) (4,)
(2,) (3,) (4,)
(2,) (2,) (2,)
(2,) (3,) (4,)
(3,) (3,) (3,)
(3,) (4,) (5,)
(3,) (3,) (3,)
(1,) (2,) (3,)

Joined matrices F(3, 2), F(3, 3), F(3, 4):
(5,) (5,) (5,)
(2,) (3,) (4,)
(4,) (4,) (4,)
(3,) (4,) (5,)
(4,) (4,) (4,)
(2,) (3,) (4,)
(4,) (4,) (4,)
(1,) (2,) (3,)
(3,) (3,) (3,)
(3,) (4,) (5,)
(3,) (3,) (3,)
(2,) (3,) (4,)
(3,) (3,) (3,)
(1,) (2,) (3,)
(2,) (2,) (2,)
(2,) (3,) (4,)

Joined matrices G(3, 2), G(3, 3), G(3, 4):
(4,) (4,) (4,)
(3,) (4,) (5,)
(4,) (4,) (4,)
(2,) (3,) (4,)
(3,) (3,) (3,)
(4,) (5,) (6,)
(3,) (3,) (3,)
(3,) (4,) (5,)
(3,) (3,) (3,)
(2,) (3,) (4,)
(3,) (3,) (3,)
(1,) (2,) (3,)
(2,) (2,) (2,)
(3,) (4,) (5,)
(2,) (2,) (2,)
(2,) (3,) (4,)

Joined matrices L(4, 2), L(4, 3), L(4, 4):
(4,) (4,) (4,)
(2,) (3,) (4,)
(5,) (5,) (5,)
(2,) (3,) (4,)
(3,) (3,) (3,)
(2,) (3,) (4,)
(4,) (4,) (4,)
(3,) (4,) (5,)
(4,) (4,) (4,)
(1,) (2,) (3,)

Joined matrices F(4, 2), F(4, 3), F(4, 4):
(6,) (6,) (6,)
(2,) (3,) (4,)
(5,) (5,) (5,)
(3,) (4,) (5,)
(5,) (5,) (5,)
(2,) (3,) (4,)
(5,) (5,) (5,)
(1,) (2,) (3,)
(4,) (4,) (4,)
(3,) (4,) (5,)
(4,) (4,) (4,)
(2,) (3,) (4,)
(4,) (4,) (4,)
(1,) (2,) (3,)
(3,) (3,) (3,)
(2,) (3,) (4,)

Joined matrices G(4, 2), G(4, 3), G(4, 4):
(5,) (5,) (5,)
(3,) (4,) (5,)
(5,) (5,) (5,)
(2,) (3,) (4,)
(4,) (4,) (4,)
(4,) (5,) (6,)
(4,) (4,) (4,)
(3,) (4,) (5,)
(4,) (4,) (4,)
(2,) (3,) (4,)
(4,) (4,) (4,)
(1,) (2,) (3,)
(3,) (3,) (3,)
(3,) (4,) (5,)
(3,) (3,) (3,)
(2,) (3,) (4,)


